90 0.7015625 0.28515625 0.03984375 0.03359375
87 0.7046875 0.24453125 0.04296875 0.0328125
86 0.703125 0.20546875 0.0421875 0.0328125
185 0.64765625 0.24375 0.046875 0.0359375
184 0.64609375 0.20625 0.040625 0.03203125
182 0.646875 0.1671875 0.0421875 0.03203125
91 0.70234375 0.3234375 0.0421875 0.03515625
85 0.70390625 0.165625 0.040625 0.03125
188 0.64609375 0.32578125 0.04296875 0.0359375
186 0.646875 0.28515625 0.046875 0.03359375
199 0.58828125 0.16875 0.03984375 0.03359375
200 0.5875 0.20625 0.03828125 0.03359375
201 0.5890625 0.24375 0.04140625 0.03203125
203 0.5875 0.2859375 0.03515625 0.034375
204 0.5875 0.32421875 0.034375 0.03046875
207 0.53125 0.165625 0.0421875 0.03125
208 0.5296875 0.20546875 0.040625 0.03203125
209 0.53203125 0.24453125 0.04375 0.0328125
212 0.53125 0.2859375 0.0421875 0.03515625
213 0.53046875 0.32421875 0.040625 0.03046875
215 0.4734375 0.1671875 0.03828125 0.03671875
216 0.47421875 0.20546875 0.03671875 0.0328125
218 0.47421875 0.24375 0.03828125 0.02890625
219 0.4734375 0.284375 0.040625 0.0328125
221 0.47421875 0.32421875 0.040625 0.03359375
222 0.3875 0.165625 0.04609375 0.03046875
224 0.38828125 0.20625 0.04296875 0.03203125
226 0.3875 0.24453125 0.04609375 0.03125
227 0.3875 0.28359375 0.04296875 0.03125
228 0.38671875 0.3265625 0.03984375 0.034375
230 0.32890625 0.1671875 0.0359375 0.02890625
231 0.33203125 0.203125 0.03515625 0.03046875
232 0.33046875 0.2421875 0.0390625 0.03046875
233 0.33046875 0.2828125 0.040625 0.0296875
234 0.33046875 0.32421875 0.0421875 0.03359375
235 0.27265625 0.16640625 0.0453125 0.03046875
236 0.2734375 0.203125 0.04765625 0.0296875
237 0.27421875 0.2421875 0.04140625 0.03046875
238 0.271875 0.28203125 0.03984375 0.03359375
239 0.27109375 0.325 0.040625 0.03203125
240 0.215625 0.16328125 0.03984375 0.03046875
242 0.21484375 0.20390625 0.03828125 0.03359375
243 0.215625 0.24375 0.03828125 0.03046875
244 0.21640625 0.28359375 0.0375 0.03203125
245 0.2140625 0.325 0.040625 0.03671875
4 0.1578125 0.16484375 0.040625 0.03515625
5 0.15625 0.2046875 0.03671875 0.03203125
6 0.1578125 0.24140625 0.0390625 0.03203125
7 0.15625 0.2828125 0.03671875 0.02890625
9 0.15546875 0.3234375 0.03984375 0.03203125
10 0.7 0.42890625 0.04140625 0.0296875
12 0.7 0.4671875 0.0390625 0.03046875
14 0.70078125 0.50703125 0.0375 0.03046875
16 0.69921875 0.546875 0.03671875 0.0296875
17 0.69765625 0.58671875 0.03515625 0.03359375
19 0.64453125 0.42890625 0.04296875 0.03203125
20 0.64453125 0.46796875 0.040625 0.03046875
21 0.6421875 0.50625 0.03828125 0.03046875
22 0.6421875 0.546875 0.03828125 0.03203125
25 0.6421875 0.5875 0.0375 0.03203125
27 0.58671875 0.4296875 0.04140625 0.03359375
28 0.58515625 0.46796875 0.03984375 0.03359375
30 0.58671875 0.5078125 0.040625 0.03203125
32 0.5875 0.5484375 0.04296875 0.03203125
34 0.5828125 0.58515625 0.040625 0.02890625
36 0.5265625 0.43125 0.04140625 0.03203125
37 0.52890625 0.46640625 0.040625 0.034375
40 0.52734375 0.50625 0.03984375 0.034375
42 0.52734375 0.54765625 0.040625 0.0328125
42 0.52734375 0.58671875 0.03984375 0.03359375
44 0.47109375 0.428125 0.03828125 0.03046875
45 0.471875 0.4671875 0.040625 0.03359375
46 0.4703125 0.5078125 0.040625 0.0328125
48 0.4703125 0.54609375 0.0375 0.03515625
49 0.47109375 0.5859375 0.03984375 0.03203125
50 0.38515625 0.428125 0.04296875 0.03515625
51 0.384375 0.465625 0.03984375 0.03125
52 0.38515625 0.50703125 0.04375 0.03515625
54 0.38515625 0.546875 0.0453125 0.034375
56 0.38359375 0.5875 0.04140625 0.03828125
58 0.32734375 0.42734375 0.0375 0.028125
59 0.32578125 0.46796875 0.03828125 0.0328125
60 0.3265625 0.50703125 0.03984375 0.03046875
63 0.328125 0.54453125 0.04140625 0.03046875
65 0.3265625 0.584375 0.0390625 0.03125
67 0.271875 0.4265625 0.04140625 0.0328125
68 0.27109375 0.4671875 0.03984375 0.03125
72 0.271875 0.50703125 0.04140625 0.0359375
73 0.26953125 0.54609375 0.0390625 0.03515625
74 0.2703125 0.5859375 0.040625 0.0328125
99 0.153125 0.58359375 0.03984375 0.03515625
98 0.15546875 0.5421875 0.0421875 0.02890625
96 0.1546875 0.5046875 0.04296875 0.03671875
93 0.15625 0.465625 0.0421875 0.03203125
76 0.21328125 0.4265625 0.0421875 0.034375
78 0.21171875 0.4671875 0.04140625 0.03671875
79 0.2125 0.5046875 0.03984375 0.03203125
82 0.21328125 0.54609375 0.03984375 0.028125
84 0.21171875 0.5859375 0.0375 0.03125
92 0.15390625 0.428125 0.04140625 0.03203125
143 0.46484375 0.8453125 0.046875 0.03203125
133 0.52265625 0.84609375 0.04453125 0.0328125
125 0.58203125 0.85 0.04765625 0.0328125
115 0.63671875 0.84921875 0.04609375 0.03515625
107 0.69453125 0.85 0.0453125 0.03125
140 0.4671875 0.8078125 0.040625 0.028125
132 0.5234375 0.80859375 0.04296875 0.0328125
122 0.58125 0.8078125 0.046875 0.0328125
113 0.6390625 0.809375 0.04296875 0.03359375
104 0.6953125 0.80859375 0.0375 0.03203125
139 0.4671875 0.76796875 0.04375 0.03203125
131 0.525 0.77109375 0.046875 0.03515625
121 0.58203125 0.771875 0.04296875 0.034375
112 0.63828125 0.76796875 0.03828125 0.03046875
103 0.696875 0.76953125 0.04375 0.034375
137 0.46640625 0.728125 0.04375 0.03125
129 0.5265625 0.7296875 0.0453125 0.03203125
119 0.58359375 0.72734375 0.0484375 0.0296875
110 0.640625 0.728125 0.03984375 0.03203125
102 0.696875 0.7328125 0.04296875 0.03203125
127 0.525 0.69296875 0.046875 0.0328125
117 0.5828125 0.6890625 0.046875 0.03203125
109 0.63828125 0.6921875 0.03828125 0.03203125
101 0.69765625 0.69140625 0.046875 0.03828125
136 0.46484375 0.6875 0.04453125 0.0328125
153 0.38046875 0.84765625 0.046875 0.034375
151 0.3828125 0.80546875 0.04609375 0.03046875
198 0.15078125 0.84453125 0.04296875 0.03046875
181 0.20859375 0.84765625 0.04453125 0.034375
171 0.26640625 0.84609375 0.04453125 0.0328125
162 0.32265625 0.846875 0.04453125 0.0359375
196 0.1515625 0.80703125 0.05078125 0.03671875
178 0.209375 0.80703125 0.04609375 0.02890625
168 0.26640625 0.80625 0.04296875 0.0296875
160 0.3234375 0.81015625 0.046875 0.03359375
149 0.38125 0.76796875 0.046875 0.03515625
194 0.15078125 0.76875 0.04609375 0.03046875
177 0.20859375 0.76953125 0.04453125 0.03203125
167 0.26484375 0.76875 0.04140625 0.02890625
159 0.321875 0.76953125 0.04453125 0.0328125
191 0.1515625 0.72890625 0.04765625 0.0328125
175 0.21171875 0.73125 0.04453125 0.0359375
166 0.26640625 0.72890625 0.04296875 0.0328125
157 0.321875 0.7296875 0.04375 0.03203125
146 0.38046875 0.728125 0.0453125 0.03203125
190 0.1515625 0.690625 0.04453125 0.03359375
173 0.209375 0.690625 0.0453125 0.03203125
163 0.26875 0.68828125 0.046875 0.03046875
154 0.325 0.69140625 0.04296875 0.03125
145 0.38203125 0.6890625 0.04453125 0.03046875
2 0.771875 0.23828125 0.05390625 0.2609375
1 0.77890625 0.5109375 0.07109375 0.21953125
0 0.76953125 0.81328125 0.0796875 0.284375