90 0.69296875 0.28046875 0.040625 0.034375
87 0.6921875 0.2421875 0.04375 0.034375
86 0.690625 0.2046875 0.04375 0.034375
185 0.634375 0.24375 0.0484375 0.0375
184 0.63046875 0.20390625 0.0421875 0.0328125
182 0.63125 0.16796875 0.04375 0.0328125
91 0.69453125 0.3234375 0.04375 0.0359375
85 0.6890625 0.165625 0.0421875 0.0328125
188 0.63671875 0.325 0.04375 0.0375
186 0.6359375 0.2859375 0.0484375 0.0359375
199 0.575 0.16796875 0.040625 0.034375
200 0.57578125 0.20859375 0.0390625 0.034375
201 0.57734375 0.24609375 0.0421875 0.0328125
203 0.57734375 0.28671875 0.0359375 0.0359375
204 0.57890625 0.3265625 0.0359375 0.03125
207 0.51796875 0.171875 0.04375 0.0328125
208 0.51875 0.21015625 0.0421875 0.0328125
210 0.521875 0.25078125 0.0453125 0.034375
211 0.52265625 0.28984375 0.04375 0.0359375
213 0.52421875 0.33046875 0.0421875 0.03125
215 0.46171875 0.17578125 0.0390625 0.0375
216 0.4625 0.2125 0.0375 0.034375
218 0.4625 0.25078125 0.0390625 0.0296875
219 0.4625 0.290625 0.0421875 0.034375
221 0.46484375 0.33203125 0.0453125 0.0390625
222 0.37265625 0.17578125 0.046875 0.0328125
224 0.37421875 0.2140625 0.04375 0.0328125
225 0.37890625 0.25390625 0.046875 0.0328125
227 0.37890625 0.29453125 0.04375 0.0328125
229 0.378125 0.3328125 0.040625 0.0359375
230 0.3171875 0.1796875 0.0375 0.0296875
231 0.31796875 0.21796875 0.0359375 0.03125
232 0.3203125 0.25703125 0.040625 0.03125
233 0.321875 0.296875 0.0421875 0.03125
234 0.32265625 0.3375 0.04375 0.034375
235 0.26171875 0.1796875 0.046875 0.0328125
236 0.26171875 0.21875 0.0484375 0.03125
237 0.26171875 0.26015625 0.0421875 0.03125
88 0.26484375 0.30234375 0.040625 0.034375
25 0.26640625 0.3421875 0.0421875 0.0328125
240 0.203125 0.18359375 0.040625 0.03125
242 0.2046875 0.221875 0.0390625 0.034375
243 0.20546875 0.26328125 0.0390625 0.03125
244 0.20703125 0.3015625 0.0390625 0.0328125
245 0.2078125 0.34296875 0.0421875 0.0375
4 0.14609375 0.184375 0.0421875 0.0359375
5 0.1453125 0.221875 0.0375 0.0328125
6 0.14609375 0.2625 0.040625 0.0328125
7 0.146875 0.303125 0.0375 0.0296875
9 0.15 0.3453125 0.040625 0.0328125
10 0.6984375 0.4265625 0.0421875 0.03125
12 0.69921875 0.465625 0.040625 0.03125
14 0.70078125 0.50546875 0.0390625 0.03125
16 0.70078125 0.54453125 0.0375 0.03125
17 0.703125 0.584375 0.0359375 0.034375
19 0.63984375 0.4296875 0.04375 0.0328125
20 0.64296875 0.46875 0.0421875 0.03125
21 0.6421875 0.5078125 0.0390625 0.03125
23 0.64375 0.54765625 0.0390625 0.0328125
24 0.6453125 0.5859375 0.0390625 0.0328125
27 0.58359375 0.4296875 0.0421875 0.034375
28 0.5859375 0.471875 0.040625 0.034375
30 0.5875 0.51015625 0.0421875 0.0328125
32 0.5890625 0.5515625 0.04375 0.0328125
34 0.58671875 0.58984375 0.0421875 0.0296875
36 0.52421875 0.434375 0.0421875 0.0328125
38 0.528125 0.4734375 0.0421875 0.0359375
40 0.528125 0.5125 0.0359375 0.034375
41 0.53125 0.553125 0.0421875 0.034375
42 0.53046875 0.59140625 0.040625 0.034375
44 0.46875 0.43515625 0.0390625 0.03125
45 0.471875 0.47421875 0.0421875 0.034375
46 0.47109375 0.51328125 0.0421875 0.034375
48 0.47265625 0.5546875 0.0390625 0.0359375
49 0.47421875 0.59375 0.040625 0.0328125
116 0.38359375 0.4390625 0.04375 0.0359375
51 0.38359375 0.478125 0.040625 0.0328125
53 0.3859375 0.51796875 0.0453125 0.0359375
54 0.3875 0.55703125 0.046875 0.0359375
56 0.3875 0.59609375 0.0421875 0.0390625
58 0.3234375 0.4390625 0.0390625 0.0296875
59 0.32734375 0.47890625 0.0390625 0.034375
61 0.3265625 0.51796875 0.0359375 0.03125
62 0.33046875 0.55859375 0.0453125 0.0359375
65 0.328125 0.59921875 0.040625 0.0328125
66 0.2671875 0.44375 0.0421875 0.034375
70 0.26875 0.4796875 0.040625 0.0328125
72 0.26953125 0.52109375 0.0421875 0.0375
73 0.27109375 0.56015625 0.040625 0.0359375
74 0.27265625 0.60078125 0.0421875 0.034375
99 0.15703125 0.60625 0.040625 0.0359375
98 0.15390625 0.56328125 0.04375 0.0296875
95 0.1515625 0.5234375 0.04375 0.0375
94 0.15078125 0.48515625 0.04375 0.0328125
76 0.2109375 0.4453125 0.04375 0.0359375
77 0.21015625 0.4828125 0.0421875 0.0375
80 0.21328125 0.525 0.040625 0.0328125
82 0.21328125 0.5625 0.040625 0.0296875
84 0.21484375 0.603125 0.0390625 0.0328125
92 0.1515625 0.44765625 0.0421875 0.0328125
143 0.4796875 0.8578125 0.0515625 0.0375
134 0.5359375 0.8546875 0.046875 0.0390625
125 0.59453125 0.85234375 0.0484375 0.034375
115 0.65234375 0.84921875 0.046875 0.0375
106 0.7078125 0.84765625 0.046875 0.0328125
140 0.48046875 0.8171875 0.046875 0.034375
132 0.53515625 0.8140625 0.0453125 0.0390625
123 0.59453125 0.81015625 0.0515625 0.0390625
113 0.64921875 0.80859375 0.04375 0.034375
105 0.70546875 0.80625 0.0390625 0.0328125
139 0.47734375 0.77421875 0.0484375 0.0390625
130 0.534375 0.77265625 0.0484375 0.0375
120 0.59140625 0.77265625 0.04375 0.0359375
112 0.64765625 0.7703125 0.0390625 0.03125
103 0.70390625 0.76875 0.0453125 0.0359375
137 0.4765625 0.7375 0.0484375 0.0359375
129 0.534375 0.73671875 0.046875 0.0328125
119 0.5921875 0.73046875 0.0515625 0.0375
110 0.6453125 0.73046875 0.040625 0.0328125
102 0.7046875 0.728125 0.04375 0.0328125
127 0.53203125 0.696875 0.0484375 0.034375
117 0.590625 0.69296875 0.05 0.0359375
109 0.6453125 0.6921875 0.0390625 0.0328125
101 0.7015625 0.68984375 0.0484375 0.040625
136 0.4734375 0.6984375 0.05 0.0375
152 0.39609375 0.86015625 0.053125 0.0421875
151 0.39140625 0.821875 0.053125 0.034375
198 0.16328125 0.86640625 0.04375 0.03125
181 0.2203125 0.86640625 0.0453125 0.0359375
171 0.27890625 0.86484375 0.0453125 0.034375
162 0.334375 0.86171875 0.0453125 0.0375
195 0.1625 0.82578125 0.0515625 0.0390625
179 0.2203125 0.82421875 0.046875 0.03125
169 0.2765625 0.82578125 0.04375 0.0375
160 0.334375 0.81953125 0.0484375 0.0359375
149 0.390625 0.77734375 0.0484375 0.0375
194 0.1609375 0.78671875 0.046875 0.0328125
177 0.21875 0.78515625 0.0453125 0.0328125
167 0.2734375 0.78203125 0.040625 0.0296875
159 0.3296875 0.78203125 0.0453125 0.034375
192 0.16015625 0.746875 0.0484375 0.034375
175 0.21640625 0.74453125 0.0453125 0.0375
164 0.27421875 0.74453125 0.040625 0.034375
157 0.33046875 0.74375 0.0453125 0.0328125
147 0.390625 0.73984375 0.046875 0.0328125
190 0.15859375 0.71171875 0.0453125 0.034375
172 0.21640625 0.7078125 0.0484375 0.0375
163 0.27265625 0.70625 0.053125 0.0390625
154 0.33125 0.70390625 0.04375 0.0328125
145 0.3875 0.7015625 0.0453125 0.03125
2 0.75859375 0.23515625 0.0625 0.2625
1 0.77890625 0.5046875 0.078125 0.215625
0 0.78046875 0.80390625 0.0890625 0.2875