90 0.7078125 0.29453125 0.040625 0.034375
87 0.709375 0.25625 0.04375 0.034375
86 0.7109375 0.21875 0.04375 0.034375
185 0.6515625 0.25390625 0.0484375 0.0375
184 0.65078125 0.2140625 0.0421875 0.0328125
182 0.6546875 0.178125 0.04375 0.0328125
91 0.70625 0.3375 0.04375 0.0359375
85 0.71171875 0.1796875 0.0421875 0.0328125
188 0.6484375 0.33515625 0.04375 0.0375
186 0.65 0.29609375 0.0484375 0.0359375
207 0.5984375 0.17421875 0.040625 0.034375
200 0.59609375 0.21484375 0.0390625 0.034375
201 0.59453125 0.25234375 0.0421875 0.0328125
81 0.59140625 0.29296875 0.0359375 0.0359375
204 0.59140625 0.3328125 0.0359375 0.03125
205 0.54140625 0.1734375 0.04375 0.0328125
208 0.5390625 0.2125 0.0421875 0.0328125
210 0.5390625 0.253125 0.0453125 0.034375
212 0.53671875 0.29140625 0.04375 0.0359375
213 0.53671875 0.33203125 0.0421875 0.03125
215 0.484375 0.17421875 0.0390625 0.0375
216 0.4828125 0.2109375 0.0375 0.034375
218 0.4796875 0.24921875 0.0390625 0.0296875
219 0.4765625 0.28828125 0.0421875 0.034375
221 0.47734375 0.33046875 0.0453125 0.0390625
222 0.39609375 0.16796875 0.046875 0.0328125
224 0.39453125 0.20625 0.04375 0.0328125
225 0.39609375 0.24609375 0.046875 0.0328125
227 0.39296875 0.28671875 0.04375 0.0328125
229 0.390625 0.325 0.040625 0.0359375
230 0.33984375 0.16796875 0.0375 0.0296875
231 0.33828125 0.20625 0.0359375 0.03125
60 0.3375 0.2453125 0.040625 0.03125
233 0.3359375 0.28515625 0.0421875 0.03125
221 0.334375 0.325 0.04375 0.034375
235 0.284375 0.1640625 0.046875 0.0328125
236 0.28203125 0.203125 0.0484375 0.03125
237 0.27890625 0.24453125 0.0421875 0.03125
238 0.27890625 0.28671875 0.040625 0.034375
239 0.278125 0.3265625 0.0421875 0.0328125
35 0.22578125 0.16328125 0.040625 0.03125
242 0.225 0.2015625 0.0390625 0.034375
243 0.22265625 0.24296875 0.0390625 0.03125
244 0.221875 0.28125 0.0390625 0.0328125
246 0.21953125 0.321875 0.0421875 0.0375
4 0.16875 0.16015625 0.0421875 0.0359375
5 0.165625 0.19765625 0.0375 0.0328125
6 0.16328125 0.23828125 0.040625 0.0328125
7 0.16171875 0.27890625 0.0375 0.0296875
9 0.16171875 0.32109375 0.040625 0.0328125
10 0.703125 0.440625 0.0421875 0.03125
12 0.70078125 0.4796875 0.040625 0.03125
14 0.7 0.51953125 0.0390625 0.03125
16 0.69765625 0.55859375 0.0375 0.03125
17 0.696875 0.5984375 0.0359375 0.034375
19 0.64453125 0.4390625 0.04375 0.0328125
20 0.64453125 0.478125 0.0421875 0.03125
21 0.64140625 0.5171875 0.0390625 0.03125
23 0.640625 0.55703125 0.0390625 0.0328125
24 0.6390625 0.5953125 0.0390625 0.0328125
27 0.58828125 0.4359375 0.0421875 0.034375
28 0.5875 0.478125 0.040625 0.034375
30 0.5859375 0.51640625 0.0421875 0.0328125
32 0.58515625 0.5578125 0.04375 0.0328125
34 0.58046875 0.59609375 0.0421875 0.0296875
35 0.52890625 0.4359375 0.0421875 0.0328125
38 0.5296875 0.475 0.0421875 0.0359375
40 0.5265625 0.5140625 0.0359375 0.034375
42 0.528125 0.5546875 0.0421875 0.034375
42 0.52421875 0.59296875 0.040625 0.034375
44 0.4734375 0.43359375 0.0390625 0.03125
45 0.4734375 0.47265625 0.0421875 0.034375
46 0.46953125 0.51171875 0.0421875 0.034375
48 0.46953125 0.553125 0.0390625 0.0359375
49 0.46796875 0.5921875 0.040625 0.0328125
50 0.38828125 0.43125 0.04375 0.0359375
51 0.38515625 0.4703125 0.040625 0.0328125
53 0.384375 0.51015625 0.0453125 0.0359375
54 0.384375 0.54921875 0.046875 0.0359375
55 0.38125 0.58828125 0.0421875 0.0390625
57 0.328125 0.4265625 0.0390625 0.0296875
59 0.32890625 0.46640625 0.0390625 0.034375
61 0.32578125 0.50546875 0.0359375 0.03125
63 0.32734375 0.54609375 0.0453125 0.0359375
65 0.321875 0.58671875 0.040625 0.0328125
66 0.271875 0.428125 0.0421875 0.034375
70 0.2703125 0.4640625 0.040625 0.0328125
72 0.26875 0.50546875 0.0421875 0.0375
73 0.2671875 0.54453125 0.040625 0.0359375
74 0.26640625 0.58515625 0.0421875 0.034375
99 0.15078125 0.58203125 0.040625 0.0359375
98 0.15 0.53828125 0.04375 0.0296875
96 0.15078125 0.4984375 0.04375 0.0375
93 0.15234375 0.46015625 0.04375 0.0328125
76 0.215625 0.425 0.04375 0.0359375
77 0.21171875 0.4625 0.0421875 0.0375
80 0.2125 0.5046875 0.040625 0.0328125
82 0.209375 0.5421875 0.040625 0.0296875
84 0.20859375 0.5828125 0.0390625 0.0328125
92 0.15625 0.4234375 0.0421875 0.0328125
143 0.4546875 0.85546875 0.0515625 0.0375
134 0.5109375 0.85625 0.046875 0.0390625
125 0.56953125 0.8578125 0.0484375 0.034375
115 0.62734375 0.859375 0.046875 0.0375
107 0.6828125 0.8609375 0.046875 0.0328125
140 0.45859375 0.8140625 0.046875 0.034375
132 0.51328125 0.815625 0.0453125 0.0390625
122 0.57265625 0.815625 0.0515625 0.0390625
113 0.62734375 0.81796875 0.04375 0.034375
105 0.68359375 0.81953125 0.0390625 0.0328125
139 0.45859375 0.771875 0.0484375 0.0390625
130 0.515625 0.77421875 0.0484375 0.0375
121 0.57265625 0.778125 0.04375 0.0359375
112 0.62890625 0.7796875 0.0390625 0.03125
103 0.68515625 0.78203125 0.0453125 0.0359375
137 0.459375 0.73515625 0.0484375 0.0359375
129 0.5171875 0.73828125 0.046875 0.0328125
119 0.57578125 0.73671875 0.0515625 0.0375
110 0.62890625 0.73984375 0.040625 0.0328125
102 0.68828125 0.7421875 0.04375 0.0328125
127 0.51796875 0.6984375 0.0484375 0.034375
117 0.5765625 0.69921875 0.05 0.0359375
109 0.63125 0.7015625 0.0390625 0.0328125
100 0.6875 0.7046875 0.0484375 0.040625
136 0.459375 0.69609375 0.05 0.0375
153 0.37109375 0.85234375 0.053125 0.0421875
151 0.36953125 0.81328125 0.053125 0.034375
198 0.13828125 0.8421875 0.04375 0.03125
180 0.1953125 0.84609375 0.0453125 0.0359375
170 0.25390625 0.8484375 0.0453125 0.034375
162 0.309375 0.84921875 0.0453125 0.0375
195 0.140625 0.8015625 0.0515625 0.0390625
179 0.1984375 0.80390625 0.046875 0.03125
169 0.2546875 0.809375 0.04375 0.0375
160 0.3125 0.80703125 0.0484375 0.0359375
148 0.371875 0.76875 0.0484375 0.0375
194 0.14140625 0.7625 0.046875 0.0328125
177 0.19921875 0.76484375 0.0453125 0.0328125
167 0.2546875 0.765625 0.040625 0.0296875
159 0.3109375 0.76953125 0.0453125 0.034375
192 0.14375 0.72265625 0.0484375 0.034375
175 0.2 0.72421875 0.0453125 0.0375
166 0.2578125 0.728125 0.040625 0.034375
156 0.3140625 0.73125 0.0453125 0.0328125
147 0.37421875 0.73203125 0.046875 0.0328125
190 0.14453125 0.6875 0.0453125 0.034375
173 0.20234375 0.6875 0.0484375 0.0375
163 0.25859375 0.68984375 0.053125 0.0390625
155 0.3171875 0.6921875 0.04375 0.0328125
145 0.3734375 0.69375 0.0453125 0.03125
2 0.7765625 0.25390625 0.0625 0.2625
1 0.778125 0.5234375 0.078125 0.215625
0 0.75859375 0.82265625 0.0890625 0.2875