90 0.69765625 0.28203125 0.040625 0.034375
87 0.7 0.240625 0.04375 0.0328125
86 0.69765625 0.20234375 0.0421875 0.0328125
185 0.64296875 0.24140625 0.046875 0.0375
184 0.640625 0.20390625 0.040625 0.0328125
182 0.64140625 0.16484375 0.0421875 0.0328125
91 0.69921875 0.3203125 0.0421875 0.0359375
85 0.69765625 0.1625 0.040625 0.03125
188 0.64296875 0.3234375 0.04375 0.0359375
186 0.64296875 0.2828125 0.046875 0.034375
199 0.5828125 0.1671875 0.040625 0.034375
200 0.58203125 0.2046875 0.0390625 0.034375
201 0.584375 0.2421875 0.0421875 0.0328125
203 0.58359375 0.284375 0.0359375 0.034375
204 0.584375 0.32265625 0.034375 0.03125
207 0.52578125 0.16484375 0.0421875 0.03125
208 0.52421875 0.2046875 0.040625 0.0328125
209 0.52734375 0.24375 0.04375 0.0328125
212 0.52734375 0.28515625 0.0421875 0.0359375
213 0.52734375 0.3234375 0.040625 0.03125
215 0.46796875 0.16796875 0.0390625 0.0375
216 0.46875 0.20625 0.0375 0.0328125
218 0.46953125 0.24453125 0.0390625 0.0296875
219 0.46953125 0.28515625 0.040625 0.0328125
221 0.47109375 0.325 0.040625 0.034375
222 0.38203125 0.16796875 0.046875 0.03125
224 0.3828125 0.20859375 0.04375 0.0328125
226 0.3828125 0.246875 0.046875 0.0328125
227 0.38359375 0.2859375 0.04375 0.03125
228 0.38359375 0.32890625 0.040625 0.034375
230 0.3234375 0.1703125 0.0359375 0.0296875
231 0.3265625 0.20625 0.0359375 0.03125
232 0.32578125 0.2453125 0.0390625 0.03125
233 0.3265625 0.2859375 0.040625 0.0296875
234 0.32734375 0.32734375 0.0421875 0.034375
235 0.2671875 0.1703125 0.0453125 0.03125
236 0.26796875 0.20703125 0.0484375 0.03125
237 0.26953125 0.24609375 0.0421875 0.03125
238 0.26796875 0.2859375 0.040625 0.034375
239 0.26796875 0.32890625 0.040625 0.0328125
240 0.21015625 0.16796875 0.040625 0.03125
242 0.209375 0.20859375 0.0390625 0.034375
243 0.2109375 0.2484375 0.0390625 0.03125
244 0.2125 0.28828125 0.0375 0.0328125
245 0.2109375 0.3296875 0.040625 0.0375
4 0.15234375 0.17109375 0.040625 0.0359375
5 0.15078125 0.2109375 0.0375 0.0328125
6 0.153125 0.24765625 0.0390625 0.0328125
7 0.15234375 0.2890625 0.0375 0.0296875
9 0.15234375 0.3296875 0.040625 0.0328125
10 0.6984375 0.42578125 0.0421875 0.0296875
12 0.69921875 0.4640625 0.0390625 0.03125
14 0.70078125 0.50390625 0.0375 0.03125
16 0.7 0.54375 0.0375 0.0296875
17 0.69921875 0.58359375 0.0359375 0.034375
19 0.64296875 0.4265625 0.04375 0.0328125
20 0.64375 0.465625 0.040625 0.03125
21 0.6421875 0.50390625 0.0390625 0.03125
22 0.64296875 0.54453125 0.0390625 0.0328125
25 0.64375 0.58515625 0.0375 0.0328125
27 0.58515625 0.428125 0.0421875 0.034375
28 0.584375 0.46640625 0.040625 0.034375
30 0.58671875 0.50625 0.040625 0.0328125
32 0.58828125 0.546875 0.04375 0.0328125
34 0.584375 0.58359375 0.040625 0.0296875
36 0.525 0.43046875 0.0421875 0.0328125
37 0.528125 0.465625 0.040625 0.034375
40 0.52734375 0.50546875 0.040625 0.034375
42 0.528125 0.546875 0.040625 0.0328125
42 0.52890625 0.5859375 0.040625 0.034375
44 0.46953125 0.42890625 0.0390625 0.03125
45 0.47109375 0.46796875 0.040625 0.034375
46 0.4703125 0.50859375 0.040625 0.0328125
48 0.47109375 0.546875 0.0375 0.0359375
49 0.47265625 0.58671875 0.040625 0.0328125
50 0.38359375 0.43046875 0.04375 0.0359375
51 0.38359375 0.46796875 0.040625 0.03125
52 0.38515625 0.509375 0.04375 0.0359375
54 0.3859375 0.54921875 0.0453125 0.0359375
56 0.38515625 0.58984375 0.0421875 0.0390625
58 0.32578125 0.43046875 0.0375 0.028125
59 0.325 0.47109375 0.0390625 0.0328125
60 0.3265625 0.51015625 0.040625 0.03125
63 0.32890625 0.54765625 0.0421875 0.03125
65 0.328125 0.5875 0.0390625 0.03125
67 0.2703125 0.43046875 0.0421875 0.0328125
68 0.2703125 0.47109375 0.040625 0.03125
72 0.271875 0.5109375 0.0421875 0.0359375
73 0.2703125 0.55 0.0390625 0.0359375
74 0.271875 0.58984375 0.040625 0.0328125
99 0.1546875 0.58984375 0.040625 0.0359375
98 0.15625 0.5484375 0.0421875 0.0296875
96 0.1546875 0.5109375 0.04375 0.0375
93 0.15546875 0.471875 0.0421875 0.0328125
76 0.21171875 0.43125 0.0421875 0.034375
78 0.2109375 0.471875 0.0421875 0.0375
79 0.2125 0.509375 0.040625 0.0328125
82 0.2140625 0.55078125 0.040625 0.028125
84 0.21328125 0.590625 0.0375 0.03125
92 0.15234375 0.434375 0.0421875 0.0328125
143 0.47109375 0.84609375 0.046875 0.0328125
133 0.52890625 0.8453125 0.0453125 0.0328125
125 0.58828125 0.8484375 0.0484375 0.034375
115 0.64296875 0.846875 0.046875 0.0359375
107 0.70078125 0.846875 0.0453125 0.0328125
140 0.47265625 0.80859375 0.040625 0.028125
132 0.52890625 0.8078125 0.04375 0.0328125
122 0.58671875 0.80625 0.046875 0.034375
113 0.64453125 0.80703125 0.04375 0.034375
104 0.70078125 0.80546875 0.0375 0.0328125
139 0.471875 0.76875 0.04375 0.0328125
131 0.5296875 0.7703125 0.046875 0.0359375
121 0.58671875 0.7703125 0.04375 0.034375
112 0.64296875 0.765625 0.0390625 0.03125
103 0.7015625 0.76640625 0.04375 0.034375
137 0.4703125 0.72890625 0.04375 0.03125
129 0.53046875 0.72890625 0.0453125 0.0328125
119 0.5875 0.72578125 0.0484375 0.03125
110 0.64453125 0.72578125 0.040625 0.0328125
102 0.70078125 0.7296875 0.04375 0.0328125
127 0.528125 0.6921875 0.046875 0.034375
117 0.5859375 0.6875 0.046875 0.0328125
109 0.64140625 0.68984375 0.0390625 0.0328125
101 0.70078125 0.68828125 0.046875 0.0390625
136 0.46796875 0.68828125 0.0453125 0.0328125
153 0.38671875 0.85 0.046875 0.0359375
151 0.38828125 0.8078125 0.046875 0.03125
198 0.15703125 0.85078125 0.04375 0.03125
181 0.21484375 0.85234375 0.0453125 0.034375
171 0.27265625 0.85 0.0453125 0.0328125
162 0.32890625 0.85 0.0453125 0.0359375
196 0.15703125 0.81328125 0.0515625 0.0375
178 0.21484375 0.81171875 0.046875 0.0296875
168 0.271875 0.81015625 0.04375 0.0296875
160 0.32890625 0.81328125 0.046875 0.034375
149 0.3859375 0.7703125 0.046875 0.0359375
194 0.15546875 0.775 0.046875 0.03125
177 0.21328125 0.77421875 0.0453125 0.0328125
167 0.26953125 0.77265625 0.0421875 0.0296875
159 0.3265625 0.77265625 0.0453125 0.0328125
191 0.15546875 0.73515625 0.0484375 0.034375
175 0.215625 0.7359375 0.0453125 0.0359375
166 0.2703125 0.7328125 0.04375 0.0328125
157 0.32578125 0.7328125 0.04375 0.0328125
146 0.384375 0.73046875 0.0453125 0.0328125
190 0.1546875 0.696875 0.0453125 0.034375
173 0.2125 0.6953125 0.0453125 0.0328125
163 0.271875 0.6921875 0.046875 0.03125
154 0.328125 0.69453125 0.04375 0.03125
145 0.38515625 0.69140625 0.0453125 0.03125
2 0.7671875 0.23359375 0.0578125 0.2625
1 0.77890625 0.50625 0.075 0.2203125
0 0.775 0.80859375 0.084375 0.2859375