90 0.70078125 0.2953125 0.03984375 0.03359375
87 0.70078125 0.25546875 0.04296875 0.0328125
86 0.70078125 0.21640625 0.0421875 0.0328125
185 0.64296875 0.25625 0.046875 0.0359375
184 0.640625 0.21640625 0.040625 0.03203125
182 0.64140625 0.18046875 0.0421875 0.03203125
91 0.69921875 0.3359375 0.0421875 0.03515625
85 0.7 0.1765625 0.040625 0.03125
188 0.64453125 0.33203125 0.04296875 0.0359375
186 0.64296875 0.29296875 0.046875 0.03359375
199 0.58203125 0.1796875 0.03984375 0.03359375
200 0.5859375 0.2171875 0.03828125 0.03359375
201 0.5859375 0.25625 0.04140625 0.03203125
203 0.5859375 0.29453125 0.0375 0.03515625
204 0.5859375 0.33515625 0.034375 0.03046875
207 0.5296875 0.178125 0.0421875 0.03125
208 0.53046875 0.21796875 0.040625 0.03203125
210 0.5296875 0.25703125 0.04375 0.0328125
211 0.5296875 0.2953125 0.0421875 0.03515625
213 0.5265625 0.33671875 0.040625 0.03046875
215 0.4703125 0.1765625 0.03828125 0.03671875
216 0.47109375 0.21953125 0.03671875 0.0328125
218 0.47109375 0.25703125 0.03828125 0.02890625
219 0.46953125 0.2953125 0.040625 0.0328125
221 0.4703125 0.33515625 0.04453125 0.0375
222 0.384375 0.18046875 0.04609375 0.03046875
224 0.384375 0.2171875 0.04296875 0.03203125
225 0.3875 0.25859375 0.04609375 0.03125
227 0.38671875 0.29609375 0.04296875 0.03125
229 0.3859375 0.33671875 0.03984375 0.034375
230 0.32578125 0.18046875 0.0359375 0.02890625
231 0.328125 0.2203125 0.03515625 0.03046875
232 0.328125 0.2578125 0.0390625 0.03046875
233 0.32890625 0.29609375 0.040625 0.0296875
234 0.328125 0.33515625 0.0421875 0.03359375
235 0.27265625 0.17890625 0.0453125 0.03046875
236 0.27265625 0.21953125 0.04765625 0.0296875
237 0.2703125 0.2578125 0.04140625 0.03046875
238 0.27109375 0.296875 0.03984375 0.03359375
239 0.26953125 0.3359375 0.040625 0.03203125
240 0.2140625 0.1765625 0.03984375 0.03046875
242 0.2125 0.2203125 0.03828125 0.03359375
243 0.2125 0.2578125 0.03828125 0.03046875
244 0.21328125 0.29609375 0.0375 0.03203125
245 0.21328125 0.33671875 0.040625 0.03671875
4 0.15546875 0.1765625 0.040625 0.03515625
5 0.153125 0.21953125 0.03671875 0.03203125
6 0.1546875 0.2578125 0.0390625 0.03203125
7 0.1546875 0.296875 0.03671875 0.02890625
9 0.1546875 0.3359375 0.03984375 0.03203125
10 0.70078125 0.43984375 0.04140625 0.0296875
12 0.70078125 0.48125 0.0390625 0.03046875
14 0.7015625 0.51953125 0.0375 0.03046875
16 0.7 0.55703125 0.03671875 0.0296875
17 0.7 0.596875 0.03515625 0.03359375
19 0.64296875 0.44140625 0.04296875 0.03203125
20 0.64296875 0.48046875 0.040625 0.03046875
21 0.6421875 0.51953125 0.03828125 0.03046875
23 0.64296875 0.5578125 0.03828125 0.03203125
24 0.64296875 0.59609375 0.0375 0.03203125
27 0.584375 0.4375 0.04140625 0.03359375
28 0.5875 0.4765625 0.03984375 0.03359375
30 0.58515625 0.51484375 0.040625 0.03203125
32 0.5875 0.55625 0.04296875 0.03203125
34 0.58359375 0.596875 0.040625 0.02890625
36 0.5265625 0.43984375 0.04140625 0.03203125
38 0.52890625 0.48046875 0.040625 0.034375
40 0.52578125 0.5171875 0.0390625 0.0359375
41 0.52734375 0.55546875 0.040625 0.0328125
42 0.52734375 0.59921875 0.03984375 0.03359375
44 0.47109375 0.440625 0.03828125 0.03046875
45 0.46953125 0.478125 0.040625 0.03359375
46 0.4703125 0.5171875 0.040625 0.0328125
48 0.46953125 0.55859375 0.0375 0.03515625
49 0.47109375 0.59765625 0.03984375 0.03203125
50 0.38671875 0.43828125 0.04296875 0.03515625
51 0.384375 0.48046875 0.03984375 0.03125
53 0.3875 0.5171875 0.04375 0.03515625
54 0.3859375 0.5546875 0.0453125 0.034375
55 0.384375 0.596875 0.04140625 0.03828125
57 0.32890625 0.43984375 0.04140625 0.03359375
59 0.32578125 0.478125 0.0421875 0.0359375
61 0.328125 0.5171875 0.0390625 0.03359375
63 0.32890625 0.5546875 0.04453125 0.03515625
65 0.325 0.596875 0.0390625 0.03125
66 0.26953125 0.43984375 0.04140625 0.0328125
70 0.26953125 0.4796875 0.03984375 0.03125
72 0.2703125 0.51796875 0.04140625 0.0359375
73 0.2703125 0.55703125 0.04296875 0.03671875
74 0.2703125 0.596875 0.040625 0.0328125
99 0.15390625 0.59765625 0.03984375 0.03515625
98 0.153125 0.56015625 0.0421875 0.02890625
96 0.15078125 0.51875 0.04296875 0.03671875
93 0.153125 0.47890625 0.0421875 0.03203125
76 0.2125 0.4390625 0.0421875 0.034375
78 0.2109375 0.47734375 0.04140625 0.03671875
80 0.21171875 0.51875 0.03984375 0.03203125
82 0.2109375 0.5609375 0.03984375 0.028125
83 0.21171875 0.59921875 0.0375 0.03125
92 0.15390625 0.44140625 0.04140625 0.03203125
143 0.4671875 0.86171875 0.05078125 0.03515625
134 0.5265625 0.86015625 0.04609375 0.0375
125 0.58203125 0.859375 0.04765625 0.0328125
115 0.640625 0.85859375 0.04609375 0.03515625
106 0.69765625 0.86171875 0.0453125 0.03125
141 0.46796875 0.8203125 0.04609375 0.0328125
132 0.525 0.81640625 0.04453125 0.03828125
123 0.5828125 0.815625 0.05 0.0375
113 0.6390625 0.82109375 0.04296875 0.03359375
105 0.6953125 0.81875 0.0375 0.03203125
138 0.46796875 0.77890625 0.046875 0.0375
130 0.52578125 0.778125 0.046875 0.03515625
121 0.584375 0.77734375 0.04296875 0.034375
112 0.63984375 0.78046875 0.03828125 0.03046875
103 0.69765625 0.77890625 0.04375 0.034375
137 0.46953125 0.74140625 0.046875 0.03359375
129 0.5265625 0.73984375 0.0453125 0.03203125
119 0.5828125 0.7390625 0.05078125 0.03515625
110 0.6375 0.7421875 0.03984375 0.03203125
102 0.7 0.73984375 0.04296875 0.03203125
127 0.5265625 0.7015625 0.046875 0.0328125
116 0.58359375 0.7015625 0.04921875 0.03359375
109 0.640625 0.70234375 0.03828125 0.03203125
101 0.69765625 0.70078125 0.046875 0.03828125
136 0.4703125 0.7015625 0.04921875 0.03515625
152 0.3828125 0.859375 0.0515625 0.040625
151 0.3828125 0.8203125 0.0515625 0.0328125
198 0.15078125 0.86171875 0.04296875 0.03046875
181 0.21015625 0.85859375 0.04453125 0.034375
171 0.26640625 0.859375 0.04453125 0.0328125
162 0.3234375 0.8609375 0.04453125 0.0359375
195 0.15390625 0.8203125 0.05078125 0.03671875
179 0.21171875 0.81953125 0.04609375 0.02890625
168 0.26640625 0.81953125 0.04296875 0.0359375
160 0.3265625 0.81875 0.046875 0.03359375
149 0.38046875 0.77890625 0.046875 0.03515625
194 0.1515625 0.78203125 0.04609375 0.03046875
177 0.2109375 0.78125 0.04453125 0.03203125
167 0.265625 0.78125 0.0390625 0.02890625
159 0.321875 0.78125 0.04453125 0.0328125
192 0.15390625 0.74296875 0.04765625 0.0328125
174 0.21015625 0.740625 0.04453125 0.0359375
166 0.26953125 0.74140625 0.03984375 0.03359375
156 0.32734375 0.73984375 0.04375 0.03203125
147 0.38203125 0.740625 0.0453125 0.03203125
190 0.1515625 0.70625 0.04453125 0.03359375
173 0.2140625 0.70234375 0.04765625 0.0359375
163 0.2671875 0.7015625 0.0515625 0.03671875
155 0.325 0.70390625 0.04296875 0.03125
145 0.38125 0.70234375 0.04453125 0.03046875
2 0.76796875 0.25 0.05390625 0.2609375
1 0.77890625 0.5140625 0.07109375 0.2125
0 0.76953125 0.81328125 0.0796875 0.284375