90 0.70078125 0.2875 0.040625 0.034375
87 0.70078125 0.24921875 0.04375 0.0328125
86 0.70078125 0.21171875 0.0421875 0.0328125
185 0.64296875 0.2484375 0.046875 0.0359375
184 0.640625 0.20859375 0.040625 0.03125
207 0.64296875 0.171875 0.0421875 0.03125
91 0.70078125 0.33046875 0.0421875 0.034375
85 0.70078125 0.17265625 0.040625 0.03125
187 0.64296875 0.3296875 0.04375 0.0359375
186 0.64296875 0.290625 0.046875 0.034375
199 0.58671875 0.17109375 0.040625 0.034375
200 0.5859375 0.21171875 0.0375 0.034375
201 0.5859375 0.24921875 0.040625 0.03125
203 0.584375 0.28984375 0.034375 0.034375
204 0.58515625 0.3296875 0.034375 0.03125
207 0.5296875 0.17265625 0.0421875 0.03125
208 0.52890625 0.2109375 0.040625 0.03125
210 0.53046875 0.2515625 0.04375 0.0328125
211 0.5296875 0.290625 0.0421875 0.034375
213 0.53046875 0.33125 0.040625 0.03125
215 0.47265625 0.175 0.0375 0.0375
216 0.47265625 0.21171875 0.0375 0.0328125
218 0.47109375 0.25 0.0375 0.028125
219 0.46953125 0.2890625 0.040625 0.0328125
221 0.47109375 0.33125 0.04375 0.0375
222 0.384375 0.171875 0.046875 0.03125
223 0.384375 0.21015625 0.04375 0.03125
226 0.3875 0.25 0.046875 0.03125
227 0.3859375 0.290625 0.04375 0.03125
229 0.384375 0.32890625 0.040625 0.034375
230 0.328125 0.1734375 0.0359375 0.028125
231 0.328125 0.21171875 0.034375 0.03125
232 0.32890625 0.25078125 0.0390625 0.03125
7 0.32890625 0.290625 0.040625 0.0296875
9 0.328125 0.33125 0.0421875 0.034375
235 0.27265625 0.171875 0.0453125 0.03125
236 0.271875 0.2109375 0.046875 0.0296875
130 0.2703125 0.25234375 0.040625 0.03125
238 0.271875 0.29453125 0.040625 0.034375
188 0.271875 0.334375 0.040625 0.03125
240 0.2140625 0.1734375 0.040625 0.03125
242 0.21484375 0.21171875 0.0375 0.034375
243 0.2140625 0.253125 0.0375 0.03125
244 0.2140625 0.29140625 0.0375 0.03125
245 0.21328125 0.3328125 0.040625 0.0375
4 0.15703125 0.171875 0.040625 0.034375
5 0.15546875 0.209375 0.0375 0.03125
6 0.1546875 0.25 0.0390625 0.03125
7 0.15390625 0.290625 0.0375 0.028125
9 0.15546875 0.3328125 0.040625 0.03125
10 0.70078125 0.43359375 0.040625 0.0296875
12 0.7 0.47265625 0.0390625 0.03125
14 0.70078125 0.5125 0.0375 0.03125
15 0.69921875 0.5515625 0.0375 0.0296875
18 0.7 0.59140625 0.034375 0.034375
19 0.6421875 0.434375 0.04375 0.03125
20 0.64375 0.4734375 0.040625 0.03125
21 0.6421875 0.5125 0.0375 0.03125
23 0.6421875 0.55234375 0.0375 0.03125
24 0.6421875 0.590625 0.0375 0.03125
27 0.5859375 0.4328125 0.040625 0.034375
29 0.58671875 0.475 0.040625 0.034375
71 0.58671875 0.51328125 0.040625 0.03125
32 0.5875 0.5546875 0.04375 0.03125
34 0.58359375 0.59296875 0.040625 0.028125
36 0.5265625 0.43515625 0.040625 0.03125
37 0.52890625 0.47421875 0.040625 0.034375
40 0.52734375 0.51328125 0.034375 0.034375
42 0.5296875 0.55390625 0.040625 0.0328125
42 0.52734375 0.5921875 0.040625 0.034375
44 0.47109375 0.434375 0.0375 0.03125
45 0.47265625 0.4734375 0.040625 0.034375
47 0.4703125 0.5125 0.040625 0.0328125
97 0.47109375 0.55390625 0.0375 0.034375
49 0.47109375 0.59296875 0.040625 0.03125
50 0.3859375 0.43515625 0.04375 0.034375
51 0.384375 0.47421875 0.040625 0.03125
53 0.38515625 0.5140625 0.04375 0.034375
54 0.3859375 0.553125 0.0453125 0.034375
55 0.384375 0.5921875 0.040625 0.0375
58 0.32578125 0.4328125 0.0375 0.028125
118 0.328125 0.47265625 0.0375 0.0328125
61 0.32578125 0.51171875 0.034375 0.03125
63 0.32890625 0.55234375 0.04375 0.034375
65 0.325 0.59296875 0.0390625 0.03125
67 0.26953125 0.4359375 0.040625 0.0328125
70 0.26953125 0.471875 0.040625 0.03125
72 0.26875 0.51328125 0.040625 0.0359375
73 0.26875 0.55234375 0.0390625 0.034375
74 0.26953125 0.59296875 0.040625 0.0328125
55 0.15390625 0.59453125 0.040625 0.034375
98 0.1515625 0.55078125 0.0421875 0.028125
96 0.15078125 0.5109375 0.04375 0.0375
94 0.1515625 0.47265625 0.0421875 0.03125
76 0.21328125 0.43515625 0.0421875 0.034375
77 0.2109375 0.47265625 0.040625 0.0375
80 0.2125 0.51484375 0.040625 0.03125
82 0.2109375 0.55234375 0.040625 0.028125
84 0.21171875 0.59296875 0.0375 0.03125
92 0.15390625 0.43515625 0.040625 0.03125
143 0.4671875 0.85703125 0.05 0.034375
134 0.5234375 0.85546875 0.046875 0.0375
125 0.58203125 0.85546875 0.046875 0.0328125
115 0.63984375 0.8546875 0.046875 0.034375
107 0.6953125 0.8546875 0.0453125 0.03125
141 0.46953125 0.81640625 0.046875 0.0328125
132 0.52421875 0.81484375 0.04375 0.0375
123 0.58359375 0.81328125 0.05 0.0375
114 0.63828125 0.81328125 0.04375 0.034375
105 0.69453125 0.81328125 0.0375 0.03125
139 0.46796875 0.7734375 0.046875 0.0375
131 0.525 0.7734375 0.046875 0.034375
121 0.58203125 0.77578125 0.04375 0.034375
112 0.63828125 0.775 0.0375 0.03125
103 0.69453125 0.77578125 0.04375 0.034375
137 0.46796875 0.73671875 0.046875 0.034375
129 0.52578125 0.7375 0.0453125 0.03125
119 0.584375 0.73359375 0.05 0.034375
110 0.6375 0.73515625 0.040625 0.03125
102 0.696875 0.73515625 0.04375 0.03125
127 0.525 0.69765625 0.046875 0.0328125
117 0.58359375 0.69609375 0.05 0.034375
109 0.63828125 0.696875 0.0375 0.03125
101 0.69453125 0.69765625 0.046875 0.0375
136 0.46640625 0.69765625 0.05 0.034375
153 0.38359375 0.85625 0.0515625 0.040625
151 0.38046875 0.81796875 0.0515625 0.0328125
198 0.15078125 0.8546875 0.04375 0.03125
181 0.2078125 0.85625 0.04375 0.034375
171 0.26640625 0.85703125 0.04375 0.0328125
162 0.321875 0.85546875 0.04375 0.0359375
196 0.1515625 0.8140625 0.05 0.0375
179 0.209375 0.8140625 0.046875 0.028125
169 0.265625 0.81796875 0.04375 0.0359375
160 0.3234375 0.81328125 0.046875 0.034375
149 0.38125 0.7734375 0.046875 0.034375
194 0.15078125 0.775 0.046875 0.03125
177 0.20859375 0.775 0.04375 0.03125
167 0.2640625 0.77421875 0.0390625 0.028125
159 0.3203125 0.77578125 0.04375 0.0328125
192 0.1515625 0.73515625 0.046875 0.0328125
175 0.2078125 0.734375 0.04375 0.0359375
166 0.265625 0.73671875 0.040625 0.034375
157 0.321875 0.7375 0.04375 0.03125
147 0.38203125 0.7359375 0.0453125 0.03125
190 0.1515625 0.7 0.04375 0.034375
173 0.209375 0.69765625 0.046875 0.0359375
163 0.265625 0.6984375 0.0515625 0.0375
155 0.32421875 0.6984375 0.04375 0.03125
145 0.38046875 0.69765625 0.04375 0.03125
2 0.76796875 0.24453125 0.053125 0.2609375
1 0.77890625 0.5140625 0.071875 0.2125
0 0.76953125 0.81328125 0.0796875 0.284375