90 0.696875 0.2921875 0.040625 0.034375
87 0.69609375 0.25234375 0.04375 0.0328125
86 0.69609375 0.21328125 0.0421875 0.0328125
185 0.6390625 0.25390625 0.046875 0.0375
184 0.6359375 0.2140625 0.040625 0.0328125
182 0.6359375 0.178125 0.0421875 0.0328125
91 0.69609375 0.3328125 0.0421875 0.0359375
85 0.69453125 0.1734375 0.040625 0.03125
188 0.64140625 0.3296875 0.04375 0.0359375
186 0.6390625 0.290625 0.046875 0.034375
199 0.5765625 0.178125 0.040625 0.034375
200 0.58125 0.215625 0.0390625 0.034375
201 0.58203125 0.2546875 0.0421875 0.0328125
203 0.58203125 0.29296875 0.0375 0.0359375
204 0.5828125 0.33359375 0.034375 0.03125
207 0.52421875 0.17734375 0.0421875 0.03125
208 0.52578125 0.2171875 0.040625 0.0328125
210 0.52578125 0.25625 0.04375 0.0328125
211 0.52578125 0.29453125 0.0421875 0.0359375
213 0.5234375 0.3359375 0.040625 0.03125
215 0.46484375 0.17734375 0.0390625 0.0375
216 0.46640625 0.2203125 0.0375 0.0328125
218 0.4671875 0.2578125 0.0390625 0.0296875
219 0.465625 0.29609375 0.040625 0.0328125
221 0.4671875 0.3359375 0.0453125 0.0375
222 0.37890625 0.1828125 0.046875 0.03125
224 0.3796875 0.21953125 0.04375 0.0328125
225 0.38359375 0.2609375 0.046875 0.0328125
227 0.3828125 0.2984375 0.04375 0.03125
229 0.3828125 0.3390625 0.040625 0.034375
230 0.3203125 0.18359375 0.0359375 0.0296875
231 0.3234375 0.2234375 0.0359375 0.03125
232 0.32421875 0.2609375 0.0390625 0.03125
233 0.325 0.29921875 0.040625 0.0296875
234 0.325 0.33828125 0.0421875 0.034375
235 0.2671875 0.1828125 0.0453125 0.03125
236 0.26796875 0.2234375 0.0484375 0.03125
237 0.26640625 0.26171875 0.0421875 0.03125
238 0.26796875 0.30078125 0.040625 0.034375
239 0.26640625 0.33984375 0.040625 0.0328125
240 0.20859375 0.18125 0.040625 0.03125
242 0.2078125 0.225 0.0390625 0.034375
243 0.20859375 0.2625 0.0390625 0.03125
244 0.21015625 0.30078125 0.0375 0.0328125
245 0.21015625 0.34140625 0.040625 0.0375
4 0.15 0.1828125 0.040625 0.0359375
5 0.1484375 0.22578125 0.0375 0.0328125
6 0.15078125 0.2640625 0.0390625 0.0328125
7 0.1515625 0.303125 0.0375 0.0296875
9 0.1515625 0.3421875 0.040625 0.0328125
10 0.7 0.43671875 0.0421875 0.0296875
12 0.70078125 0.478125 0.0390625 0.03125
14 0.7015625 0.515625 0.0375 0.03125
16 0.70078125 0.55390625 0.0375 0.0296875
17 0.7015625 0.59375 0.0359375 0.034375
19 0.6421875 0.4390625 0.04375 0.0328125
20 0.64296875 0.478125 0.040625 0.03125
21 0.6421875 0.5171875 0.0390625 0.03125
23 0.64375 0.55546875 0.0390625 0.0328125
24 0.64453125 0.59375 0.0375 0.0328125
27 0.58359375 0.4359375 0.0421875 0.034375
28 0.58671875 0.475 0.040625 0.034375
30 0.58515625 0.51328125 0.040625 0.0328125
32 0.58828125 0.5546875 0.04375 0.0328125
34 0.58515625 0.5953125 0.040625 0.0296875
36 0.52578125 0.4390625 0.0421875 0.0328125
38 0.52890625 0.4796875 0.040625 0.034375
40 0.52578125 0.51640625 0.0390625 0.0359375
41 0.528125 0.5546875 0.040625 0.0328125
42 0.52890625 0.5984375 0.040625 0.034375
44 0.4703125 0.44140625 0.0390625 0.03125
45 0.46953125 0.47890625 0.040625 0.034375
46 0.4703125 0.51796875 0.040625 0.0328125
48 0.4703125 0.559375 0.0375 0.0359375
49 0.47265625 0.5984375 0.040625 0.0328125
50 0.3859375 0.440625 0.04375 0.0359375
51 0.384375 0.4828125 0.040625 0.03125
53 0.3875 0.51953125 0.04375 0.0359375
54 0.38671875 0.55703125 0.0453125 0.0359375
55 0.3859375 0.59921875 0.0421875 0.0390625
57 0.328125 0.44296875 0.0421875 0.034375
59 0.32578125 0.48125 0.0421875 0.0359375
61 0.328125 0.5203125 0.0390625 0.034375
63 0.3296875 0.5578125 0.0453125 0.0359375
65 0.3265625 0.6 0.0390625 0.03125
66 0.26875 0.44375 0.0421875 0.0328125
70 0.26953125 0.48359375 0.040625 0.03125
72 0.2703125 0.521875 0.0421875 0.0359375
73 0.27109375 0.5609375 0.04375 0.0375
74 0.271875 0.60078125 0.040625 0.0328125
99 0.15546875 0.60390625 0.040625 0.0359375
98 0.15390625 0.56640625 0.0421875 0.0296875
96 0.15078125 0.525 0.04375 0.0375
93 0.153125 0.48515625 0.0421875 0.0328125
76 0.21171875 0.44375 0.0421875 0.034375
78 0.2109375 0.48203125 0.0421875 0.0375
80 0.21171875 0.5234375 0.040625 0.0328125
82 0.21171875 0.565625 0.040625 0.028125
83 0.21328125 0.60390625 0.0375 0.03125
92 0.153125 0.44765625 0.0421875 0.0328125
143 0.4734375 0.8625 0.0515625 0.0359375
134 0.5328125 0.859375 0.046875 0.0390625
125 0.58828125 0.8578125 0.0484375 0.034375
115 0.646875 0.85625 0.046875 0.0359375
106 0.70390625 0.85859375 0.0453125 0.0328125
141 0.4734375 0.82109375 0.046875 0.034375
132 0.53046875 0.815625 0.0453125 0.0390625
123 0.58828125 0.8140625 0.05 0.0390625
113 0.64453125 0.81875 0.04375 0.034375
105 0.70078125 0.815625 0.0375 0.0328125
138 0.47265625 0.7796875 0.046875 0.0390625
130 0.53046875 0.77734375 0.046875 0.0359375
121 0.5890625 0.77578125 0.04375 0.034375
112 0.64453125 0.778125 0.0390625 0.03125
103 0.70234375 0.77578125 0.04375 0.034375
137 0.4734375 0.7421875 0.046875 0.034375
129 0.53046875 0.7390625 0.0453125 0.0328125
119 0.58671875 0.7375 0.0515625 0.0359375
110 0.64140625 0.73984375 0.040625 0.0328125
102 0.70390625 0.7359375 0.04375 0.0328125
127 0.5296875 0.70078125 0.046875 0.034375
116 0.58671875 0.7 0.05 0.034375
109 0.64375 0.7 0.0390625 0.0328125
101 0.70078125 0.69765625 0.046875 0.0390625
136 0.47421875 0.70234375 0.05 0.0359375
152 0.3890625 0.86171875 0.0515625 0.0421875
151 0.38828125 0.82265625 0.0515625 0.034375
198 0.15703125 0.86796875 0.04375 0.03125
181 0.21640625 0.86328125 0.0453125 0.034375
171 0.27265625 0.86328125 0.0453125 0.0328125
162 0.3296875 0.8640625 0.0453125 0.0359375
195 0.159375 0.8265625 0.0515625 0.0375
179 0.2171875 0.82421875 0.046875 0.0296875
168 0.271875 0.8234375 0.04375 0.0359375
160 0.33203125 0.821875 0.046875 0.034375
149 0.38515625 0.78125 0.046875 0.0359375
194 0.15625 0.78828125 0.046875 0.03125
177 0.215625 0.7859375 0.0453125 0.0328125
167 0.2703125 0.78515625 0.0390625 0.0296875
159 0.3265625 0.784375 0.0453125 0.0328125
192 0.1578125 0.74921875 0.0484375 0.034375
174 0.2140625 0.7453125 0.0453125 0.0359375
166 0.2734375 0.7453125 0.040625 0.034375
156 0.33125 0.74296875 0.04375 0.0328125
147 0.3859375 0.74296875 0.0453125 0.0328125
190 0.15546875 0.7125 0.0453125 0.034375
173 0.21796875 0.70703125 0.0484375 0.0375
163 0.27109375 0.70546875 0.0515625 0.0375
155 0.32890625 0.70703125 0.04375 0.03125
145 0.38515625 0.7046875 0.0453125 0.03125
2 0.76328125 0.2453125 0.0578125 0.2625
1 0.77890625 0.509375 0.075 0.2140625
0 0.775 0.80859375 0.084375 0.2859375