89 0.70078125 0.2875 0.03984375 0.03359375
87 0.70078125 0.24921875 0.04296875 0.0328125
86 0.70078125 0.21171875 0.0421875 0.0328125
185 0.64296875 0.2484375 0.046875 0.0359375
183 0.640625 0.2078125 0.040625 0.03203125
182 0.64296875 0.17265625 0.0421875 0.03203125
91 0.70078125 0.33046875 0.0421875 0.03515625
85 0.70078125 0.17265625 0.040625 0.03125
188 0.64296875 0.3296875 0.04296875 0.0359375
186 0.64296875 0.290625 0.046875 0.03359375
199 0.58671875 0.17109375 0.03984375 0.03359375
183 0.5859375 0.21171875 0.03828125 0.03359375
201 0.5859375 0.24921875 0.04140625 0.03203125
203 0.584375 0.28984375 0.03515625 0.034375
204 0.58515625 0.3296875 0.034375 0.03046875
206 0.5296875 0.17265625 0.0421875 0.03125
208 0.52890625 0.2109375 0.040625 0.03203125
210 0.53046875 0.2515625 0.04375 0.0328125
211 0.5296875 0.290625 0.0421875 0.03515625
213 0.53046875 0.33125 0.040625 0.03046875
206 0.47265625 0.1734375 0.03828125 0.03671875
216 0.47265625 0.21171875 0.03671875 0.0328125
218 0.47109375 0.25 0.03828125 0.02890625
219 0.46953125 0.2890625 0.040625 0.0328125
221 0.47109375 0.33125 0.04453125 0.0375
222 0.384375 0.171875 0.04609375 0.03046875
224 0.384375 0.21015625 0.04296875 0.03203125
225 0.3875 0.25 0.04609375 0.03125
227 0.3859375 0.290625 0.04296875 0.03125
229 0.384375 0.32890625 0.03984375 0.034375
230 0.328125 0.1734375 0.0359375 0.02890625
231 0.328125 0.21171875 0.03515625 0.03046875
232 0.32890625 0.25078125 0.0390625 0.03046875
233 0.32890625 0.290625 0.040625 0.0296875
234 0.328125 0.33125 0.0421875 0.03359375
235 0.27265625 0.171875 0.0453125 0.03046875
236 0.271875 0.2109375 0.04765625 0.0296875
237 0.2703125 0.25234375 0.04140625 0.03046875
238 0.271875 0.29453125 0.03984375 0.03359375
239 0.271875 0.334375 0.040625 0.03203125
240 0.2140625 0.1734375 0.03984375 0.03046875
242 0.21484375 0.21171875 0.03828125 0.03359375
243 0.2140625 0.253125 0.03828125 0.03046875
244 0.2140625 0.29140625 0.0375 0.03203125
245 0.21328125 0.3328125 0.040625 0.03671875
4 0.15703125 0.171875 0.040625 0.03515625
5 0.15546875 0.209375 0.03671875 0.03203125
6 0.1546875 0.25 0.0390625 0.03203125
7 0.15390625 0.290625 0.03671875 0.02890625
9 0.15546875 0.3328125 0.03984375 0.03203125
10 0.70078125 0.43359375 0.04140625 0.0296875
12 0.7 0.47265625 0.0390625 0.03046875
14 0.70078125 0.5125 0.0375 0.03046875
16 0.69921875 0.5515625 0.03671875 0.0296875
17 0.7 0.59140625 0.03515625 0.03359375
19 0.6421875 0.434375 0.04296875 0.03203125
20 0.64375 0.4734375 0.040625 0.03046875
21 0.6421875 0.5125 0.03828125 0.03046875
23 0.6421875 0.55234375 0.03828125 0.03203125
24 0.6421875 0.590625 0.0375 0.03203125
27 0.5859375 0.4328125 0.04140625 0.03359375
28 0.58671875 0.475 0.03984375 0.03359375
30 0.58671875 0.51328125 0.040625 0.03203125
32 0.5875 0.5546875 0.04296875 0.03203125
34 0.58359375 0.59296875 0.040625 0.02890625
36 0.5265625 0.43515625 0.04140625 0.03203125
38 0.52890625 0.47421875 0.040625 0.034375
40 0.52734375 0.51328125 0.034375 0.03359375
41 0.5296875 0.55390625 0.040625 0.0328125
42 0.52734375 0.5921875 0.03984375 0.03359375
44 0.47109375 0.434375 0.03828125 0.03046875
45 0.47265625 0.4734375 0.040625 0.03359375
46 0.4703125 0.5125 0.040625 0.0328125
48 0.47109375 0.55390625 0.0375 0.03515625
49 0.47109375 0.59296875 0.03984375 0.03203125
50 0.3859375 0.43515625 0.04296875 0.03515625
51 0.384375 0.47421875 0.03984375 0.03125
53 0.38515625 0.5140625 0.04375 0.03515625
54 0.3859375 0.553125 0.0453125 0.034375
55 0.384375 0.5921875 0.04140625 0.03828125
57 0.32578125 0.4328125 0.0375 0.028125
59 0.328125 0.47265625 0.03828125 0.0328125
61 0.32578125 0.51171875 0.034375 0.03046875
63 0.32890625 0.55234375 0.04453125 0.03515625
65 0.325 0.59296875 0.0390625 0.03125
66 0.26953125 0.4359375 0.04140625 0.0328125
70 0.26953125 0.471875 0.03984375 0.03125
72 0.26875 0.51328125 0.04140625 0.0359375
73 0.26875 0.55234375 0.0390625 0.03515625
74 0.26953125 0.59296875 0.040625 0.0328125
99 0.15390625 0.59453125 0.03984375 0.03515625
98 0.1515625 0.55078125 0.0421875 0.02890625
96 0.15078125 0.5109375 0.04296875 0.03671875
93 0.1515625 0.47265625 0.0421875 0.03203125
76 0.21328125 0.43515625 0.0421875 0.034375
77 0.2109375 0.47265625 0.04140625 0.03671875
80 0.2125 0.51484375 0.03984375 0.03203125
82 0.2109375 0.55234375 0.03984375 0.028125
84 0.21171875 0.59296875 0.0375 0.03125
92 0.15390625 0.43515625 0.04140625 0.03203125
143 0.4671875 0.85703125 0.05078125 0.03515625
134 0.5234375 0.85546875 0.04609375 0.0375
125 0.58203125 0.85546875 0.04765625 0.0328125
115 0.63984375 0.8546875 0.04609375 0.03515625
107 0.6953125 0.8546875 0.0453125 0.03125
140 0.46953125 0.81640625 0.04609375 0.0328125
132 0.52421875 0.81484375 0.04453125 0.03828125
122 0.58359375 0.81328125 0.05 0.0375
113 0.63828125 0.81328125 0.04296875 0.03359375
105 0.69453125 0.81328125 0.0375 0.03203125
139 0.46796875 0.7734375 0.046875 0.0375
130 0.525 0.7734375 0.046875 0.03515625
121 0.58203125 0.77578125 0.04296875 0.034375
112 0.63828125 0.775 0.03828125 0.03046875
103 0.69453125 0.77578125 0.04375 0.034375
137 0.46796875 0.73671875 0.046875 0.03359375
129 0.52578125 0.7375 0.0453125 0.03203125
119 0.584375 0.73359375 0.05078125 0.03515625
110 0.6375 0.73515625 0.03984375 0.03203125
102 0.696875 0.73515625 0.04296875 0.03203125
127 0.525 0.69765625 0.046875 0.0328125
117 0.58359375 0.69609375 0.04921875 0.03359375
109 0.63828125 0.696875 0.03828125 0.03203125
100 0.69453125 0.69765625 0.046875 0.03828125
136 0.46640625 0.69765625 0.04921875 0.03515625
153 0.38359375 0.85625 0.0515625 0.040625
151 0.38046875 0.81796875 0.0515625 0.0328125
197 0.15234375 0.8546875 0.046875 0.03125
181 0.2078125 0.85625 0.04453125 0.034375
170 0.26640625 0.85703125 0.04453125 0.0328125
162 0.321875 0.85546875 0.04453125 0.0359375
196 0.1515625 0.815625 0.05078125 0.03671875
179 0.209375 0.81640625 0.04609375 0.03359375
169 0.265625 0.81796875 0.04296875 0.0359375
160 0.3234375 0.81328125 0.046875 0.03359375
148 0.38125 0.7734375 0.046875 0.03515625
194 0.15078125 0.775 0.04609375 0.03046875
177 0.20859375 0.775 0.04453125 0.03203125
167 0.2640625 0.77421875 0.0390625 0.02890625
159 0.3203125 0.77578125 0.04453125 0.0328125
192 0.1515625 0.73515625 0.04765625 0.0328125
175 0.2078125 0.734375 0.04453125 0.0359375
166 0.265625 0.73671875 0.03984375 0.03359375
156 0.321875 0.7375 0.04375 0.03203125
147 0.38203125 0.7359375 0.0453125 0.03203125
190 0.1515625 0.7 0.04453125 0.03359375
172 0.209375 0.69765625 0.04765625 0.0359375
163 0.265625 0.6984375 0.0515625 0.03671875
155 0.32421875 0.6984375 0.04296875 0.03125
145 0.38046875 0.69765625 0.04453125 0.03046875
2 0.78046875 0.24453125 0.07890625 0.259375
1 0.77890625 0.5140625 0.07109375 0.2125
0 0.76953125 0.828125 0.0796875 0.3140625